1998 SD9
99942
480883
2340
524522
2002 BF25
2012 UR158
523599
2000 EB14
483656
2009 BD
480808
152563
1995 CR
2010 VQ
441987
2019 XS
2002 JR100
612197
2018 CW2
2003 BN4
2003 FY6
2001 CQ36
2006 CT
2000 PN8
2012 BB124
2011 EP51
2003 YL118
2002 XQ40
2009 WB105
364136
138175
2012 GA5
2016 GW221
2007 TF68
185851
2010 GD35
2018 KR
450237
85990
2004 JN1
2011 CL50
2003 AF23
2001 BB16
139359
2000 TU28
1862
363599
326354
401885
477719
2014 RQ17
363027
350462
612600
1566
468468
2016 TH94
399308
613569
2007 TF15
437844
613995
2016 PF8
2015 EG
612094
265482
85953
2021 GM1
2018 HG2
264357
2017 OU18
2005 RZ2
326290
216985
1996 AE2
488453
2009 OS5
613862
2005 VL1
3361
481442
216523
2000 EM26
297418
2008 DB
455176
162004
99907
310842
4179
2021 UN7
2013 GZ7
2009 WF
330659
175706
480820
2062
10302
595116
2009 EM1
385186
470975
510529
2014 WF497
1997 YM9
1999 UQ
1994 WR12
348306
412976
363505
499998
164207
6489
2000 AA6
152671
2022 QX4
350523
467351
494710
2018 GY
334412
2012 UK171
416151
154590
2015 KJ19
2012 PG6
2018 KC2
2005 TF49
2012 HL31
2010 VK139
66400
2021 FR1
422686
357622
2012 UU136
2000 CK59
283457
424392
2011 PU1
492143
2010 XX72
2101
4581
2015 XC352
2011 JW10
69230
1994 GL
33342
2020 FW6
506590
481965
388188
163000
467460
162361
2007 RY19
4034
163023
612358
467336
2006 KS1
2010 XC15
2015 TC25
242191
8014
310442
613471
452334
337248
1998 KY26
2014 WF201
2019 QU2
2008 LG2
1999 SH10
350751
306383
138852
443880
1997 XE10
416002
465617
614470
153201
412983
478784
2005 LW3
153814
4688
192559
410777
199145
251732
2003 GQ22
29075
2012 HN13
2010 FX9
2005 TG50
526798
2005 EY169
612050
2008 BP16
2063
2017 BM123
2002 EW8
2015 LA2
204131
2002 GD10
2008 WT62
2014 US7
2013 BA74
19356
433
152828
457662
375505
154007
152667
267759
2011 GE3
308635
138404
455184
3908
234341
380818
329437
230111
483459
437841
413577
523801
397326
491007
446924
403775
136582
4015
4947
612027
267337
457059
2017 XO2
469445
613398
162117
523828
2010 WF3
417816
2006 BE55
358453
4528 07
2001 OT
2020 PP1
376879
2002 QQ40
26310
474179
1685
511684
65717
613014
2007 AM
612227
613714
2000 QV7
2020 QA7
2100
162783
474158
2021 QH2
277810
377097
2010 WT8
2005 MF5
65679
177016
592968
37655
2017 GQ5
337084
2008 KV2
4769
2016 JE
483422
2014 QH33
2009 MW
203471
2002 VU114
325102
85774
2011 EZ40
413260
483560
612103
497113
2016 CA138
136564
322756
523590
509102
2005 XT77
2006 AL4
2019 ER1
525356
376707
2016 CO246
7350
6456
1997 WQ23
164222
2002 AY1
2016 AG193
614134
513126
2010 KP10
2003 MK4
612989
2012 BA35
455415
247517
510190
2014 UV210
351545
85770
312942
2010 VW75
2011 GP59
4888 03
2003 YS17
613286
307070
494690
2022 UY
533638
2009 SV17
2013 UG1
408982
469219
276111
152754
496901
2017 BP32
337252
425755
2016 UZ40
2021 CP6
2005 RD34
525484
136818
175729
256004
401856
6037
2007 PB8
2008 BX2
2003 DF16
2008 CE119
2016 GE1
1864
1994 CJ1
390725
2009 JR2
2012 XE133
2019 QG
508772
2009 HD82
2016 GL2
468727
344074
163348
525268
86666
3671
2000 AH205
508908
136897
2003 GH21
329275
161989
2016 UW80
216115
398188
90373
2017 DN109
370307
313276
452376
2014 WL368
474163
138911
10145
354030
7341
286079
2007 US12
137924
162825
524196
106589
2010 KQ10
1865
369986
2009 SW19
2007 TH1
154300
209215
441823
2017 JF3
2003 AC23
23548
338292
2013 KS1
4660
2007 GU4
443837
323300
2008 SZ150
173664
159467
162080
2012 DY32
252558
2013 BO27
2003 FF5
2018 RV3
2017 TJ1
5604
482798
2011 CE50
257838
2018 CC14
11066
410088
2015 TW178
189700
152742
469356
1221
162181
249615
513312
2021 WC8
171819
189011
339492
2004 TG10
523605
322763
2006 TD
2011 XC
2021 SP4
2006 GX2
2015 XW261
2017 US4
2006 WF129
2003 TG2
2005 NE21
152664
7336
162416
1999 SF10
